{
AnimationClip
TotalTime:0.699682
SampleRate:0.033318
{
Stack
Name:jt_Root_C
SampleCount:22
Transform0:0.095212,-0.014656,0.026829,0.000000,0.003920,0.092888,0.036831,0.000000,-0.030319,-0.034016,0.089015,0.000000,-0.284667,-0.516106,-2.022887,1.000000
Transform1:0.096735,-0.006693,0.024444,0.000000,-0.002535,0.093410,0.035610,0.000000,-0.025217,-0.035067,0.090191,0.000000,0.121623,-0.503838,-1.981297,1.000000
Transform2:0.098497,0.002873,0.017029,0.000000,-0.009187,0.092214,0.037579,0.000000,-0.014624,-0.038579,0.091092,0.000000,0.533019,-0.381968,-2.073783,1.000000
Transform3:0.099340,0.007888,0.008326,0.000000,-0.010598,0.090884,0.040347,0.000000,-0.004385,-0.040963,0.091120,0.000000,0.634244,-0.251263,-2.207208,1.000000
Transform4:0.099749,0.007081,0.000255,0.000000,-0.006547,0.090738,0.041519,0.000000,0.002709,-0.041431,0.090973,0.000000,0.432549,-0.213320,-2.291609,1.000000
Transform5:0.099745,0.005353,-0.004730,0.000000,-0.003076,0.091945,0.039200,0.000000,0.006447,-0.038954,0.091875,0.000000,0.266191,-0.297839,-2.219896,1.000000
Transform6:0.099614,0.006013,-0.006394,0.000000,-0.003393,0.093562,0.035139,0.000000,0.008095,-0.034786,0.093404,0.000000,0.311976,-0.421277,-2.041870,1.000000
Transform7:0.099517,0.007323,-0.006534,0.000000,-0.004803,0.094399,0.032647,0.000000,0.008559,-0.032176,0.094295,0.000000,0.408015,-0.512632,-1.961079,1.000000
Transform8:0.099205,0.009515,-0.008238,0.000000,-0.006418,0.094551,0.031920,0.000000,0.010826,-0.031137,0.094410,0.000000,0.522965,-0.616811,-2.022370,1.000000
Transform9:0.098392,0.011632,-0.013552,0.000000,-0.006627,0.094243,0.032779,0.000000,0.016585,-0.031354,0.093498,0.000000,0.553321,-0.671491,-2.190915,1.000000
Transform10:0.097278,0.008206,-0.021670,0.000000,-0.000566,0.094333,0.033182,0.000000,0.023165,-0.032156,0.091812,0.000000,0.201703,-0.701215,-2.291311,1.000000
Transform11:0.096343,0.002685,-0.026661,0.000000,0.006241,0.094512,0.032071,0.000000,0.026059,-0.032562,0.090888,0.000000,-0.197389,-0.667915,-2.263390,1.000000
Transform12:0.096918,-0.002318,-0.024527,0.000000,0.010521,0.093916,0.032698,0.000000,0.022276,-0.034271,0.091265,0.000000,-0.449798,-0.556802,-2.248811,1.000000
Transform13:0.098280,-0.009439,-0.015873,0.000000,0.014467,0.092772,0.034409,0.000000,0.011478,-0.036114,0.092542,0.000000,-0.692975,-0.435137,-2.233220,1.000000
Transform14:0.098738,-0.014986,-0.005131,0.000000,0.015821,0.091708,0.036596,0.000000,-0.000778,-0.036946,0.092921,0.000000,-0.797516,-0.326644,-2.258445,1.000000
Transform15:0.098899,-0.014691,0.001793,0.000000,0.012837,0.091180,0.039004,0.000000,-0.007365,-0.038345,0.092062,0.000000,-0.658881,-0.223072,-2.314987,1.000000
Transform16:0.099171,-0.012196,0.004039,0.000000,0.009732,0.091840,0.038350,0.000000,-0.008386,-0.037639,0.092266,0.000000,-0.500965,-0.252504,-2.271922,1.000000
Transform17:0.099324,-0.010435,0.005091,0.000000,0.007932,0.093003,0.035881,0.000000,-0.008479,-0.035235,0.093202,0.000000,-0.410775,-0.333247,-2.117206,1.000000
Transform18:0.099168,-0.010574,0.007345,0.000000,0.007404,0.093512,0.034652,0.000000,-0.010533,-0.033820,0.093516,0.000000,-0.393872,-0.417594,-1.993107,1.000000
Transform19:0.098282,-0.014329,0.011635,0.000000,0.009446,0.093200,0.034993,0.000000,-0.015858,-0.033292,0.092952,0.000000,-0.546797,-0.497439,-1.969099,1.000000
Transform20:0.096410,-0.020127,0.017320,0.000000,0.012294,0.091649,0.038071,0.000000,-0.023536,-0.034575,0.090833,0.000000,-0.749508,-0.489074,-2.172210,1.000000
Transform21:0.095162,-0.019902,0.023413,0.000000,0.009272,0.091239,0.039869,0.000000,-0.029297,-0.035769,0.088669,0.000000,-0.597616,-0.488158,-2.283559,1.000000
}
{
Stack
Name:jt_Aux1_C
SampleCount:22
Transform0:1.000000,0.000000,-0.000000,0.000000,-0.000000,1.000000,0.000000,0.000000,0.000000,-0.000000,1.000000,0.000000,0.000000,0.000000,0.000000,1.000000
Transform1:1.000000,-0.000000,0.000000,0.000000,0.000000,1.000000,0.000000,0.000000,-0.000000,-0.000000,1.000000,0.000000,0.000000,0.000000,0.000000,1.000000
Transform2:1.000000,0.000000,0.000000,0.000000,-0.000000,1.000000,0.000000,0.000000,-0.000000,-0.000000,1.000000,0.000000,0.000000,0.000000,0.000000,1.000000
Transform3:1.000000,0.000000,-0.000000,0.000000,-0.000000,1.000000,0.000000,0.000000,0.000000,-0.000000,1.000000,0.000000,0.000000,0.000000,0.000000,1.000000
Transform4:1.000000,-0.000000,-0.000000,0.000000,0.000000,1.000000,-0.000000,0.000000,0.000000,0.000000,1.000000,0.000000,0.000000,0.000000,0.000000,1.000000
Transform5:1.000000,0.000000,-0.000000,0.000000,-0.000000,1.000000,-0.000000,0.000000,0.000000,0.000000,1.000000,0.000000,0.000000,0.000000,0.000000,1.000000
Transform6:1.000000,-0.000000,-0.000000,0.000000,0.000000,1.000000,-0.000000,0.000000,0.000000,0.000000,1.000000,0.000000,0.000000,0.000000,0.000000,1.000000
Transform7:1.000000,-0.000000,0.000000,0.000000,0.000000,1.000000,0.000000,0.000000,-0.000000,-0.000000,1.000000,0.000000,0.000000,0.000000,0.000000,1.000000
Transform8:1.000000,-0.000000,-0.000000,0.000000,0.000000,1.000000,-0.000000,0.000000,0.000000,0.000000,1.000000,0.000000,0.000000,0.000000,0.000000,1.000000
Transform9:1.000000,0.000000,-0.000000,0.000000,-0.000000,1.000000,0.000000,0.000000,0.000000,-0.000000,1.000000,0.000000,0.000000,0.000000,0.000000,1.000000
Transform10:1.000000,-0.000000,0.000000,0.000000,0.000000,1.000000,0.000000,0.000000,0.000000,0.000000,1.000000,0.000000,0.000000,0.000000,0.000000,1.000000
Transform11:1.000000,0.000000,-0.000000,0.000000,-0.000000,1.000000,0.000000,0.000000,0.000000,-0.000000,1.000000,0.000000,0.000000,0.000000,0.000000,1.000000
Transform12:1.000000,0.000000,-0.000000,0.000000,0.000000,1.000000,0.000000,0.000000,0.000000,0.000000,1.000000,0.000000,0.000000,0.000000,0.000000,1.000000
Transform13:1.000000,-0.000000,0.000000,0.000000,0.000000,1.000000,-0.000000,0.000000,-0.000000,0.000000,1.000000,0.000000,0.000000,0.000000,0.000000,1.000000
Transform14:1.000000,0.000000,-0.000000,0.000000,-0.000000,1.000000,0.000000,0.000000,0.000000,-0.000000,1.000000,0.000000,0.000000,0.000000,0.000000,1.000000
Transform15:1.000000,-0.000000,-0.000000,0.000000,0.000000,1.000000,0.000000,0.000000,0.000000,-0.000000,1.000000,0.000000,0.000000,0.000000,0.000000,1.000000
Transform16:1.000000,0.000000,0.000000,0.000000,-0.000000,1.000000,0.000000,0.000000,-0.000000,-0.000000,1.000000,0.000000,0.000000,0.000000,0.000000,1.000000
Transform17:1.000000,-0.000000,-0.000000,0.000000,0.000000,1.000000,0.000000,0.000000,0.000000,-0.000000,1.000000,0.000000,0.000000,0.000000,0.000000,1.000000
Transform18:1.000000,0.000000,-0.000000,0.000000,-0.000000,1.000000,0.000000,0.000000,0.000000,-0.000000,1.000000,0.000000,0.000000,0.000000,0.000000,1.000000
Transform19:1.000000,0.000000,-0.000000,0.000000,-0.000000,1.000000,-0.000000,0.000000,0.000000,0.000000,1.000000,0.000000,0.000000,0.000000,0.000000,1.000000
Transform20:1.000000,0.000000,0.000000,0.000000,0.000000,1.000000,0.000000,0.000000,-0.000000,0.000000,1.000000,0.000000,0.000000,0.000000,0.000000,1.000000
Transform21:1.000000,0.000000,0.000000,0.000000,-0.000000,1.000000,-0.000000,0.000000,-0.000000,0.000000,1.000000,0.000000,0.000000,0.000000,0.000000,1.000000
}
{
Stack
Name:jt_Aux2_C
SampleCount:22
Transform0:1.000000,0.000000,-0.000000,0.000000,-0.000000,1.000000,0.000000,0.000000,0.000000,-0.000000,1.000000,0.000000,0.000000,0.000000,0.000000,1.000000
Transform1:1.000000,-0.000000,0.000000,0.000000,0.000000,1.000000,0.000000,0.000000,-0.000000,-0.000000,1.000000,0.000000,0.000000,0.000000,0.000000,1.000000
Transform2:1.000000,0.000000,0.000000,0.000000,-0.000000,1.000000,0.000000,0.000000,-0.000000,-0.000000,1.000000,0.000000,0.000000,0.000000,0.000000,1.000000
Transform3:1.000000,0.000000,-0.000000,0.000000,-0.000000,1.000000,0.000000,0.000000,0.000000,-0.000000,1.000000,0.000000,0.000000,0.000000,0.000000,1.000000
Transform4:1.000000,-0.000000,-0.000000,0.000000,0.000000,1.000000,-0.000000,0.000000,0.000000,0.000000,1.000000,0.000000,0.000000,0.000000,0.000000,1.000000
Transform5:1.000000,0.000000,-0.000000,0.000000,-0.000000,1.000000,-0.000000,0.000000,0.000000,0.000000,1.000000,0.000000,0.000000,0.000000,0.000000,1.000000
Transform6:1.000000,-0.000000,-0.000000,0.000000,0.000000,1.000000,-0.000000,0.000000,0.000000,0.000000,1.000000,0.000000,0.000000,0.000000,0.000000,1.000000
Transform7:1.000000,-0.000000,0.000000,0.000000,0.000000,1.000000,0.000000,0.000000,-0.000000,-0.000000,1.000000,0.000000,0.000000,0.000000,0.000000,1.000000
Transform8:1.000000,-0.000000,-0.000000,0.000000,0.000000,1.000000,-0.000000,0.000000,0.000000,0.000000,1.000000,0.000000,0.000000,0.000000,0.000000,1.000000
Transform9:1.000000,0.000000,-0.000000,0.000000,-0.000000,1.000000,0.000000,0.000000,0.000000,-0.000000,1.000000,0.000000,0.000000,0.000000,0.000000,1.000000
Transform10:1.000000,-0.000000,0.000000,0.000000,0.000000,1.000000,0.000000,0.000000,0.000000,0.000000,1.000000,0.000000,0.000000,0.000000,0.000000,1.000000
Transform11:1.000000,0.000000,-0.000000,0.000000,-0.000000,1.000000,0.000000,0.000000,0.000000,-0.000000,1.000000,0.000000,0.000000,0.000000,0.000000,1.000000
Transform12:1.000000,0.000000,-0.000000,0.000000,0.000000,1.000000,0.000000,0.000000,0.000000,0.000000,1.000000,0.000000,0.000000,0.000000,0.000000,1.000000
Transform13:1.000000,-0.000000,0.000000,0.000000,0.000000,1.000000,-0.000000,0.000000,-0.000000,0.000000,1.000000,0.000000,0.000000,0.000000,0.000000,1.000000
Transform14:1.000000,0.000000,-0.000000,0.000000,-0.000000,1.000000,0.000000,0.000000,0.000000,-0.000000,1.000000,0.000000,0.000000,0.000000,0.000000,1.000000
Transform15:1.000000,-0.000000,-0.000000,0.000000,0.000000,1.000000,0.000000,0.000000,0.000000,-0.000000,1.000000,0.000000,0.000000,0.000000,0.000000,1.000000
Transform16:1.000000,0.000000,0.000000,0.000000,-0.000000,1.000000,0.000000,0.000000,-0.000000,-0.000000,1.000000,0.000000,0.000000,0.000000,0.000000,1.000000
Transform17:1.000000,-0.000000,-0.000000,0.000000,0.000000,1.000000,0.000000,0.000000,0.000000,-0.000000,1.000000,0.000000,0.000000,0.000000,0.000000,1.000000
Transform18:1.000000,0.000000,-0.000000,0.000000,-0.000000,1.000000,0.000000,0.000000,0.000000,-0.000000,1.000000,0.000000,0.000000,0.000000,0.000000,1.000000
Transform19:1.000000,0.000000,-0.000000,0.000000,-0.000000,1.000000,-0.000000,0.000000,0.000000,0.000000,1.000000,0.000000,0.000000,0.000000,0.000000,1.000000
Transform20:1.000000,0.000000,0.000000,0.000000,0.000000,1.000000,0.000000,0.000000,-0.000000,0.000000,1.000000,0.000000,0.000000,0.000000,0.000000,1.000000
Transform21:1.000000,0.000000,0.000000,0.000000,-0.000000,1.000000,-0.000000,0.000000,-0.000000,0.000000,1.000000,0.000000,0.000000,0.000000,0.000000,1.000000
}
{
Stack
Name:jt_Cog_C
SampleCount:22
Transform0:0.000000,0.997516,-0.070444,0.000000,-1.000000,0.000000,0.000000,0.000000,0.000000,0.070444,0.997516,0.000000,0.000000,57.466499,-0.329258,1.000000
Transform1:0.000000,0.997516,-0.070444,0.000000,-1.000000,0.000000,0.000000,0.000000,0.000000,0.070444,0.997516,0.000000,0.000000,57.466499,-0.329258,1.000000
Transform2:0.000000,0.997516,-0.070444,0.000000,-1.000000,0.000000,0.000000,0.000000,0.000000,0.070444,0.997516,0.000000,-0.000000,57.466499,-0.329258,1.000000
Transform3:0.000000,0.997516,-0.070444,0.000000,-1.000000,0.000000,0.000000,0.000000,0.000000,0.070444,0.997516,0.000000,0.000000,57.466499,-0.329258,1.000000
Transform4:0.000000,0.997516,-0.070444,0.000000,-1.000000,0.000000,0.000000,0.000000,0.000000,0.070444,0.997516,0.000000,-0.000000,57.466499,-0.329258,1.000000
Transform5:0.000000,0.997516,-0.070444,0.000000,-1.000000,0.000000,0.000000,0.000000,0.000000,0.070444,0.997516,0.000000,0.000000,57.466499,-0.329258,1.000000
Transform6:0.000000,0.997516,-0.070444,0.000000,-1.000000,0.000000,0.000000,0.000000,0.000000,0.070444,0.997516,0.000000,0.000000,57.466499,-0.329258,1.000000
Transform7:0.000000,0.997516,-0.070444,0.000000,-1.000000,0.000000,0.000000,0.000000,0.000000,0.070444,0.997516,0.000000,0.000000,57.466499,-0.329258,1.000000
Transform8:0.000000,0.997516,-0.070444,0.000000,-1.000000,0.000000,0.000000,0.000000,0.000000,0.070444,0.997516,0.000000,0.000000,57.466499,-0.329258,1.000000
Transform9:0.000000,0.997516,-0.070444,0.000000,-1.000000,0.000000,0.000000,0.000000,0.000000,0.070444,0.997516,0.000000,-0.000000,57.466499,-0.329258,1.000000
Transform10:0.000000,0.997516,-0.070444,0.000000,-1.000000,0.000000,0.000000,0.000000,0.000000,0.070444,0.997516,0.000000,0.000000,57.466499,-0.329258,1.000000
Transform11:0.000000,0.997516,-0.070444,0.000000,-1.000000,0.000000,0.000000,0.000000,0.000000,0.070444,0.997516,0.000000,0.000000,57.466499,-0.329258,1.000000
Transform12:0.000000,0.997516,-0.070444,0.000000,-1.000000,0.000000,0.000000,0.000000,0.000000,0.070444,0.997516,0.000000,0.000000,57.466499,-0.329258,1.000000
Transform13:0.000000,0.997516,-0.070444,0.000000,-1.000000,0.000000,0.000000,0.000000,0.000000,0.070444,0.997516,0.000000,0.000000,57.466499,-0.329258,1.000000
Transform14:0.000000,0.997516,-0.070444,0.000000,-1.000000,0.000000,0.000000,0.000000,0.000000,0.070444,0.997516,0.000000,-0.000000,57.466499,-0.329258,1.000000
Transform15:0.000000,0.997516,-0.070444,0.000000,-1.000000,0.000000,0.000000,0.000000,0.000000,0.070444,0.997516,0.000000,0.000000,57.466499,-0.329258,1.000000
Transform16:0.000000,0.997516,-0.070444,0.000000,-1.000000,0.000000,0.000000,0.000000,0.000000,0.070444,0.997516,0.000000,0.000000,57.466499,-0.329258,1.000000
Transform17:0.000000,0.997516,-0.070444,0.000000,-1.000000,0.000000,0.000000,0.000000,0.000000,0.070444,0.997516,0.000000,-0.000000,57.466499,-0.329258,1.000000
Transform18:0.000000,0.997516,-0.070444,0.000000,-1.000000,0.000000,0.000000,0.000000,0.000000,0.070444,0.997516,0.000000,0.000000,57.466499,-0.329258,1.000000
Transform19:0.000000,0.997516,-0.070444,0.000000,-1.000000,0.000000,0.000000,0.000000,0.000000,0.070444,0.997516,0.000000,-0.000000,57.466499,-0.329258,1.000000
Transform20:0.000000,0.997516,-0.070444,0.000000,-1.000000,0.000000,0.000000,0.000000,0.000000,0.070444,0.997516,0.000000,0.000000,57.466499,-0.329258,1.000000
Transform21:0.000000,0.997516,-0.070444,0.000000,-1.000000,0.000000,0.000000,0.000000,0.000000,0.070444,0.997516,0.000000,-0.000000,57.466499,-0.329258,1.000000
}
{
Stack
Name:jt_SpineLower_C
SampleCount:22
Transform0:0.969574,0.017153,0.244197,0.000000,-0.064679,0.980043,0.187967,0.000000,-0.236100,-0.198042,0.951334,0.000000,5.389576,-0.000000,-0.000001,1.000000
Transform1:0.975214,-0.053170,0.214781,0.000000,-0.004339,0.965915,0.258822,0.000000,-0.221222,-0.253338,0.941743,0.000000,5.389576,-0.000000,-0.000001,1.000000
Transform2:0.979851,-0.119978,0.159679,0.000000,0.069569,0.954427,0.290224,0.000000,-0.187223,-0.273268,0.943542,0.000000,5.389576,-0.000000,-0.000001,1.000000
Transform3:0.983076,-0.140677,0.117354,0.000000,0.102197,0.952762,0.286008,0.000000,-0.152045,-0.269174,0.951014,0.000000,5.389576,-0.000000,-0.000001,1.000000
Transform4:0.989673,-0.107932,0.094330,0.000000,0.080489,0.962960,0.257353,0.000000,-0.118612,-0.247102,0.961702,0.000000,5.389576,-0.000000,-0.000001,1.000000
Transform5:0.991157,-0.081391,0.104805,0.000000,0.056849,0.974099,0.218859,0.000000,-0.119903,-0.210965,0.970112,0.000000,5.389576,-0.000000,-0.000001,1.000000
Transform6:0.986759,-0.093789,0.132327,0.000000,0.066712,0.978343,0.195943,0.000000,-0.147838,-0.184521,0.971646,0.000000,5.389576,-0.000000,-0.000001,1.000000
Transform7:0.981015,-0.119704,0.152581,0.000000,0.091495,0.979386,0.180091,0.000000,-0.170994,-0.162711,0.971744,0.000000,5.389576,-0.000000,-0.000001,1.000000
Transform8:0.973741,-0.142360,0.177659,0.000000,0.119255,0.983696,0.134611,0.000000,-0.193925,-0.109889,0.974842,0.000000,5.389576,-0.000000,-0.000001,1.000000
Transform9:0.966490,-0.144756,0.211997,0.000000,0.137100,0.989271,0.050457,0.000000,-0.217026,-0.019702,0.975967,0.000000,5.389576,-0.000000,-0.000001,1.000000
Transform10:0.970920,-0.081657,0.225046,0.000000,0.097385,0.993456,-0.059677,0.000000,-0.218700,0.079857,0.972519,0.000000,5.389576,-0.000000,-0.000001,1.000000
Transform11:0.975426,-0.001458,0.220322,0.000000,0.039672,0.984797,-0.169120,0.000000,-0.216726,0.173704,0.960654,0.000000,5.389576,-0.000000,-0.000001,1.000000
Transform12:0.979695,0.055081,0.192780,0.000000,-0.006141,0.969315,-0.245745,0.000000,-0.200401,0.239572,0.949971,0.000000,5.389576,-0.000000,-0.000001,1.000000
Transform13:0.981325,0.106070,0.160468,0.000000,-0.059924,0.961287,-0.268956,0.000000,-0.182784,0.254317,0.949691,0.000000,5.389576,-0.000000,-0.000001,1.000000
Transform14:0.980633,0.130960,0.145633,0.000000,-0.091618,0.963929,-0.249893,0.000000,-0.173106,0.231711,0.957259,0.000000,5.389576,-0.000000,-0.000001,1.000000
Transform15:0.984997,0.110567,0.132496,0.000000,-0.079777,0.972566,-0.218521,0.000000,-0.153022,0.204673,0.966795,0.000000,5.389576,-0.000000,-0.000001,1.000000
Transform16:0.984375,0.088710,0.152105,0.000000,-0.058949,0.980003,-0.190051,0.000000,-0.165922,0.178115,0.969920,0.000000,5.389576,-0.000000,-0.000001,1.000000
Transform17:0.979681,0.081377,0.183311,0.000000,-0.051642,0.985520,-0.161503,0.000000,-0.193799,0.148755,0.969698,0.000000,5.389576,-0.000000,-0.000001,1.000000
Transform18:0.976703,0.088479,0.195505,0.000000,-0.063833,0.989593,-0.128961,0.000000,-0.204880,0.113477,0.972187,0.000000,5.389576,-0.000000,-0.000001,1.000000
Transform19:0.971569,0.112453,0.208348,0.000000,-0.099994,0.992563,-0.069428,0.000000,-0.214606,0.046621,0.975587,0.000000,5.389576,-0.000000,-0.000001,1.000000
Transform20:0.964301,0.133439,0.228729,0.000000,-0.141387,0.989779,0.018646,0.000000,-0.223903,-0.050319,0.973311,0.000000,5.389576,-0.000000,-0.000001,1.000000
Transform21:0.968011,0.091555,0.233605,0.000000,-0.118454,0.987517,0.103819,0.000000,-0.221184,-0.128170,0.966773,0.000000,5.389576,-0.000000,-0.000001,1.000000
}
{
Stack
Name:jt_SpineUpper_C
SampleCount:22
Transform0:0.999640,0.017247,0.020563,0.000000,-0.018285,0.998511,0.051396,0.000000,-0.019646,-0.051754,0.998467,0.000000,6.814381,-0.000000,0.000000,1.000000
Transform1:0.999851,0.007342,0.015620,0.000000,-0.008428,0.997469,0.070607,0.000000,-0.015062,-0.070728,0.997382,0.000000,6.814381,-0.000000,0.000000,1.000000
Transform2:0.999929,-0.004085,0.011225,0.000000,0.003187,0.996877,0.078903,0.000000,-0.011513,-0.078861,0.996819,0.000000,6.814381,-0.000000,-0.000000,1.000000
Transform3:0.999868,-0.013440,0.009124,0.000000,0.012691,0.996899,0.077661,0.000000,-0.010140,-0.077535,0.996938,0.000000,6.814381,-0.000000,-0.000000,1.000000
Transform4:0.999866,-0.014215,0.008155,0.000000,0.013623,0.997558,0.068498,0.000000,-0.009109,-0.068378,0.997618,0.000000,6.814381,-0.000000,-0.000000,1.000000
Transform5:0.999859,-0.010987,0.012673,0.000000,0.010265,0.998395,0.055700,0.000000,-0.013265,-0.055562,0.998367,0.000000,6.814381,-0.000000,0.000000,1.000000
Transform6:0.999629,-0.012240,0.024338,0.000000,0.011059,0.998782,0.048097,0.000000,-0.024898,-0.047810,0.998546,0.000000,6.814381,-0.000000,-0.000000,1.000000
Transform7:0.999350,-0.017435,0.031564,0.000000,0.016042,0.998909,0.043857,0.000000,-0.032294,-0.043322,0.998539,0.000000,6.814381,-0.000000,0.000000,1.000000
Transform8:0.999191,-0.023772,0.032429,0.000000,0.022712,0.999208,0.032688,0.000000,-0.033181,-0.031925,0.998939,0.000000,6.814381,-0.000000,0.000000,1.000000
Transform9:0.999118,-0.028258,0.031068,0.000000,0.027896,0.999539,0.012023,0.000000,-0.031393,-0.011146,0.999445,0.000000,6.814381,-0.000000,0.000000,1.000000
Transform10:0.999355,-0.022866,0.027680,0.000000,0.023323,0.999595,-0.016327,0.000000,-0.027295,0.016962,0.999484,0.000000,6.814381,-0.000000,0.000000,1.000000
Transform11:0.999653,-0.012856,0.022977,0.000000,0.013907,0.998835,-0.046201,0.000000,-0.022357,0.046505,0.998668,0.000000,6.814381,-0.000000,0.000000,1.000000
Transform12:0.999858,-0.005809,0.015809,0.000000,0.006860,0.997712,-0.067265,0.000000,-0.015383,0.067364,0.997610,0.000000,6.814381,-0.000000,-0.000000,1.000000
Transform13:0.999915,0.000913,0.013032,0.000000,0.000037,0.997355,-0.072686,0.000000,-0.013064,0.072680,0.997270,0.000000,6.814381,-0.000000,0.000000,1.000000
Transform14:0.999848,0.006379,0.016249,0.000000,-0.005298,0.997824,-0.065714,0.000000,-0.016632,0.065618,0.997706,0.000000,6.814381,-0.000000,-0.000000,1.000000
Transform15:0.999765,0.007116,0.020490,0.000000,-0.005959,0.998415,-0.055966,0.000000,-0.020856,0.055831,0.998223,0.000000,6.814381,-0.000000,0.000000,1.000000
Transform16:0.999720,0.004962,0.023148,0.000000,-0.003869,0.998887,-0.047000,0.000000,-0.023355,0.046897,0.998627,0.000000,6.814381,-0.000000,0.000000,1.000000
Transform17:0.999549,0.004613,0.029664,0.000000,-0.003468,0.999251,-0.038546,0.000000,-0.029819,0.038425,0.998817,0.000000,6.814381,-0.000000,0.000000,1.000000
Transform18:0.999339,0.007629,0.035535,0.000000,-0.006563,0.999528,-0.030025,0.000000,-0.035747,0.029772,0.998917,0.000000,6.814381,-0.000000,0.000000,1.000000
Transform19:0.999233,0.014500,0.036363,0.000000,-0.013968,0.999792,-0.014844,0.000000,-0.036571,0.014325,0.999229,0.000000,6.814381,-0.000000,0.000000,1.000000
Transform20:0.999202,0.025923,0.030385,0.000000,-0.026140,0.999635,0.006760,0.000000,-0.030199,-0.007548,0.999515,0.000000,6.814381,-0.000000,0.000000,1.000000
Transform21:0.999358,0.027077,0.023475,0.000000,-0.027737,0.999215,0.028268,0.000000,-0.022691,-0.028901,0.999325,0.000000,6.814381,-0.000000,-0.000000,1.000000
}
{
Stack
Name:jt_SpineChest_C
SampleCount:22
Transform0:0.999753,0.017184,0.014066,0.000000,-0.017877,0.998552,0.050734,0.000000,-0.013174,-0.050972,0.998613,0.000000,7.670059,0.000000,0.000000,1.000000
Transform1:0.999932,0.007472,0.008927,0.000000,-0.008081,0.997496,0.070263,0.000000,-0.008380,-0.070331,0.997488,0.000000,7.670059,0.000000,0.000000,1.000000
Transform2:0.999985,-0.003710,0.004077,0.000000,0.003377,0.996874,0.078938,0.000000,-0.004357,-0.078923,0.996871,0.000000,7.670059,0.000000,0.000000,1.000000
Transform3:0.999913,-0.013119,0.001569,0.000000,0.012956,0.996878,0.077883,0.000000,-0.002586,-0.077856,0.996961,0.000000,7.670059,0.000000,0.000000,1.000000
Transform4:0.999902,-0.013948,0.000608,0.000000,0.013874,0.997541,0.068693,0.000000,-0.001565,-0.068678,0.997638,0.000000,7.670059,0.000000,0.000000,1.000000
Transform5:0.999926,-0.010973,0.005319,0.000000,0.010659,0.998385,0.055794,0.000000,-0.005923,-0.055733,0.998428,0.000000,7.670059,0.000000,0.000000,1.000000
Transform6:0.999776,-0.012619,0.017007,0.000000,0.011789,0.998775,0.048054,0.000000,-0.017593,-0.047843,0.998700,0.000000,7.670059,0.000000,0.000000,1.000000
Transform7:0.999547,-0.018008,0.024113,0.000000,0.016941,0.998898,0.043768,0.000000,-0.024874,-0.043340,0.998751,0.000000,7.670059,0.000000,0.000000,1.000000
Transform8:0.999395,-0.024267,0.024898,0.000000,0.023445,0.999187,0.032804,0.000000,-0.025674,-0.032201,0.999151,0.000000,7.670059,0.000000,0.000000,1.000000
Transform9:0.999309,-0.028582,0.023748,0.000000,0.028291,0.999522,0.012497,0.000000,-0.024094,-0.011817,0.999640,0.000000,7.670059,0.000000,0.000000,1.000000
Transform10:0.999517,-0.023046,0.020826,0.000000,0.023375,0.999603,-0.015736,0.000000,-0.020455,0.016215,0.999659,0.000000,7.670059,0.000000,0.000000,1.000000
Transform11:0.999781,-0.013089,0.016335,0.000000,0.013824,0.998857,-0.045748,0.000000,-0.015717,0.045964,0.998819,0.000000,7.670059,0.000000,0.000000,1.000000
Transform12:0.999938,-0.006446,0.009090,0.000000,0.007041,0.997728,-0.067004,0.000000,-0.008638,0.067064,0.997711,0.000000,7.670059,0.000000,0.000000,1.000000
Transform13:0.999981,0.000002,0.006085,0.000000,0.000440,0.997358,-0.072645,0.000000,-0.006069,0.072646,0.997339,0.000000,7.670059,0.000000,0.000000,1.000000
Transform14:0.999941,0.005800,0.009121,0.000000,-0.005189,0.997826,-0.065699,0.000000,-0.009483,0.065648,0.997798,0.000000,7.670059,0.000000,0.000000,1.000000
Transform15:0.999889,0.006621,0.013362,0.000000,-0.005864,0.998419,-0.055901,0.000000,-0.013711,0.055816,0.998347,0.000000,7.670059,0.000000,0.000000,1.000000
Transform16:0.999860,0.004546,0.016065,0.000000,-0.003788,0.998892,-0.046906,0.000000,-0.016260,0.046839,0.998770,0.000000,7.670059,0.000000,0.000000,1.000000
Transform17:0.999736,0.004349,0.022576,0.000000,-0.003479,0.999256,-0.038420,0.000000,-0.022727,0.038332,0.999007,0.000000,7.670059,0.000000,0.000000,1.000000
Transform18:0.999569,0.007450,0.028385,0.000000,-0.006601,0.999531,-0.029904,0.000000,-0.028594,0.029703,0.999150,0.000000,7.670059,0.000000,0.000000,1.000000
Transform19:0.999473,0.014224,0.029160,0.000000,-0.013795,0.999794,-0.014874,0.000000,-0.029366,0.014464,0.999464,0.000000,7.670059,0.000000,0.000000,1.000000
Transform20:0.999400,0.025560,0.023357,0.000000,-0.025711,0.999650,0.006178,0.000000,-0.023191,-0.006775,0.999708,0.000000,7.670059,0.000000,0.000000,1.000000
Transform21:0.999498,0.026827,0.016837,0.000000,-0.027281,0.999253,0.027363,0.000000,-0.016090,-0.027809,0.999484,0.000000,7.670059,0.000000,0.000000,1.000000
}
{
Stack
Name:jt_Clavicle_R
SampleCount:22
Transform0:-0.502371,0.862674,0.058449,0.000000,-0.106354,-0.128736,0.985959,0.000000,0.858086,0.489101,0.156422,0.000000,9.260216,1.689110,-1.903098,1.000000
Transform1:-0.450418,0.892015,0.037850,0.000000,-0.108802,-0.096918,0.989327,0.000000,0.886163,0.441492,0.140707,0.000000,9.260216,1.689110,-1.903098,1.000000
Transform2:-0.413257,0.910598,-0.005498,0.000000,-0.110743,-0.044264,0.992863,0.000000,0.903855,0.410916,0.119134,0.000000,9.260216,1.689110,-1.903098,1.000000
Transform3:-0.430466,0.901527,-0.044125,0.000000,-0.113432,-0.005534,0.993530,0.000000,0.895450,0.432686,0.104644,0.000000,9.260216,1.689110,-1.903098,1.000000
Transform4:-0.461200,0.885760,-0.052191,0.000000,-0.115506,-0.001615,0.993305,0.000000,0.879746,0.464140,0.103056,0.000000,9.260216,1.689110,-1.903098,1.000000
Transform5:-0.465029,0.884893,-0.026683,0.000000,-0.113801,-0.029860,0.993055,0.000000,0.877950,0.464836,0.114587,0.000000,9.260216,1.689110,-1.903098,1.000000
Transform6:-0.466022,0.884654,-0.014559,0.000000,-0.112937,-0.043157,0.992664,0.000000,0.877536,0.464247,0.120022,0.000000,9.260216,1.689110,-1.903098,1.000000
Transform7:-0.480389,0.876371,-0.034654,0.000000,-0.114915,-0.023723,0.993092,0.000000,0.869495,0.481052,0.112104,0.000000,9.260216,1.689110,-1.903098,1.000000
Transform8:-0.478812,0.875916,-0.059244,0.000000,-0.116928,0.003254,0.993135,0.000000,0.870095,0.482453,0.100861,0.000000,9.260216,1.689110,-1.903098,1.000000
Transform9:-0.455787,0.886742,-0.077117,0.000000,-0.117098,0.026150,0.992776,0.000000,0.882352,0.461525,0.091917,0.000000,9.260216,1.689110,-1.903098,1.000000
Transform10:-0.443859,0.891837,-0.087269,0.000000,-0.117068,0.038843,0.992364,0.000000,0.888416,0.450686,0.087165,0.000000,9.260216,1.689110,-1.903098,1.000000
Transform11:-0.415644,0.904781,-0.092793,0.000000,-0.115569,0.048658,0.992107,0.000000,0.902155,0.423087,0.084340,0.000000,9.260216,1.689110,-1.903098,1.000000
Transform12:-0.350987,0.933034,-0.079093,0.000000,-0.111095,0.042377,0.992906,0.000000,0.929766,0.357284,0.088782,0.000000,9.260216,1.689110,-1.903098,1.000000
Transform13:-0.323187,0.946291,-0.009142,0.000000,-0.110407,-0.028110,0.993489,0.000000,0.939872,0.322092,0.113562,0.000000,9.260216,1.689110,-1.903098,1.000000
Transform14:-0.320954,0.945317,0.057995,0.000000,-0.114499,-0.099514,0.988426,0.000000,0.940148,0.310599,0.140178,0.000000,9.260216,1.689110,-1.903098,1.000000
Transform15:-0.353041,0.933731,0.059237,0.000000,-0.111463,-0.104838,0.988223,0.000000,0.928944,0.342281,0.141089,0.000000,9.260216,1.689110,-1.903098,1.000000
Transform16:-0.386771,0.921839,0.024898,0.000000,-0.111740,-0.073648,0.991004,0.000000,0.915381,0.380510,0.131491,0.000000,9.260216,1.689110,-1.903098,1.000000
Transform17:-0.433411,0.901196,-0.000947,0.000000,-0.112634,-0.053126,0.992215,0.000000,0.894130,0.430144,0.124531,0.000000,9.260216,1.689110,-1.903098,1.000000
Transform18:-0.478207,0.878243,-0.002628,0.000000,-0.112475,-0.058275,0.991944,0.000000,0.871015,0.474650,0.126648,0.000000,9.260216,1.689110,-1.903098,1.000000
Transform19:-0.530124,0.847830,0.012386,0.000000,-0.109769,-0.083106,0.990476,0.000000,0.840785,0.523715,0.137122,0.000000,9.260216,1.689110,-1.903098,1.000000
Transform20:-0.554978,0.831027,0.037343,0.000000,-0.105466,-0.114820,0.987772,0.000000,0.825152,0.544253,0.151368,0.000000,9.260216,1.689110,-1.903098,1.000000
Transform21:-0.530183,0.845462,0.064023,0.000000,-0.103876,-0.139709,0.984729,0.000000,0.841496,0.515436,0.161894,0.000000,9.260216,1.689110,-1.903098,1.000000
}
{
Stack
Name:jt_Shoulder_R
SampleCount:22
Transform0:0.758943,0.538314,-0.366365,0.000000,-0.489162,0.099961,-0.866446,0.000000,-0.429797,0.836795,0.339187,0.000000,9.577486,-0.000000,0.000008,1.000000
Transform1:0.764168,0.593783,-0.251932,0.000000,-0.444706,0.202093,-0.872580,0.000000,-0.467209,0.778833,0.418492,0.000000,9.577486,-0.000000,0.000008,1.000000
Transform2:0.846277,0.490422,-0.208090,0.000000,-0.413010,0.357236,-0.837738,0.000000,-0.336508,0.794902,0.504869,0.000000,9.577486,-0.000000,0.000008,1.000000
Transform3:0.903594,0.393143,-0.170164,0.000000,-0.347473,0.440290,-0.827893,0.000000,-0.250558,0.807207,0.534450,0.000000,9.577486,-0.000000,0.000008,1.000000
Transform4:0.932600,0.320696,-0.165563,0.000000,-0.284102,0.369407,-0.884774,0.000000,-0.222584,0.872177,0.435619,0.000000,9.577486,-0.000000,0.000008,1.000000
Transform5:0.943891,0.234897,-0.232150,0.000000,-0.280067,0.196794,-0.939593,0.000000,-0.175022,0.951890,0.251539,0.000000,9.577486,-0.000000,0.000008,1.000000
Transform6:0.936916,0.120121,-0.328267,0.000000,-0.326727,-0.032866,-0.944547,0.000000,-0.124249,0.992215,0.008454,0.000000,9.577486,-0.000000,0.000008,1.000000
Transform7:0.901084,0.025082,-0.432918,0.000000,-0.414236,-0.245540,-0.876424,0.000000,-0.128281,0.969062,-0.210862,0.000000,9.577486,-0.000000,0.000008,1.000000
Transform8:0.826103,-0.063214,-0.559962,0.000000,-0.542491,-0.358133,-0.759898,0.000000,-0.152505,0.931528,-0.330147,0.000000,9.577486,-0.000000,0.000008,1.000000
Transform9:0.731568,-0.190048,-0.654744,0.000000,-0.675299,-0.333981,-0.657592,0.000000,-0.093698,0.923221,-0.372669,0.000000,9.577486,-0.000000,0.000008,1.000000
Transform10:0.707559,-0.366312,-0.604298,0.000000,-0.705195,-0.311095,-0.637119,0.000000,0.045390,0.876947,-0.478439,0.000000,9.577486,-0.000000,0.000008,1.000000
Transform11:0.742058,-0.520639,-0.422237,0.000000,-0.652473,-0.416545,-0.633064,0.000000,0.153717,0.745268,-0.648803,0.000000,9.577486,-0.000000,0.000008,1.000000
Transform12:0.768498,-0.596465,-0.231606,0.000000,-0.594917,-0.532824,-0.601807,0.000000,0.235552,0.600274,-0.764321,0.000000,9.577486,-0.000000,0.000008,1.000000
Transform13:0.751375,-0.658359,-0.044708,0.000000,-0.540593,-0.575284,-0.613847,0.000000,0.378412,0.485398,-0.788158,0.000000,9.577486,-0.000000,0.000008,1.000000
Transform14:0.702698,-0.711304,0.016217,0.000000,-0.514133,-0.523404,-0.679497,0.000000,0.491816,0.469144,-0.733499,0.000000,9.577486,-0.000000,0.000008,1.000000
Transform15:0.697113,-0.715390,-0.047440,0.000000,-0.493115,-0.430381,-0.756049,0.000000,0.520452,0.550444,-0.652794,0.000000,9.577486,-0.000000,0.000008,1.000000
Transform16:0.741207,-0.648127,-0.174768,0.000000,-0.495927,-0.353242,-0.793270,0.000000,0.452404,0.674649,-0.583249,0.000000,9.577486,-0.000000,0.000008,1.000000
Transform17:0.808682,-0.501306,-0.307776,0.000000,-0.493391,-0.293136,-0.818924,0.000000,0.320311,0.814103,-0.484394,0.000000,9.577486,-0.000000,0.000008,1.000000
Transform18:0.864365,-0.281197,-0.416895,0.000000,-0.484465,-0.243450,-0.840253,0.000000,0.134783,0.928256,-0.346660,0.000000,9.577486,-0.000000,0.000008,1.000000
Transform19:0.892810,-0.026265,-0.449667,0.000000,-0.445720,-0.195561,-0.873550,0.000000,-0.064993,0.980340,-0.186305,0.000000,9.577486,-0.000000,0.000008,1.000000
Transform20:0.879652,0.223312,-0.419933,0.000000,-0.397649,-0.139083,-0.906935,0.000000,-0.260935,0.964773,-0.033545,0.000000,9.577486,-0.000000,0.000008,1.000000
Transform21:0.809927,0.424730,-0.404502,0.000000,-0.427206,-0.045360,-0.903016,0.000000,-0.401886,0.904183,0.144709,0.000000,9.577486,-0.000000,0.000008,1.000000
}
{
Stack
Name:jt_Elbow_R
SampleCount:22
Transform0:-0.197519,0.005271,0.980285,0.000000,-0.005359,0.999965,-0.006456,0.000000,-0.980284,-0.006529,-0.197484,0.000000,15.260523,0.000038,0.000009,1.000000
Transform1:-0.314293,0.005104,0.949312,0.000000,-0.005190,0.999961,-0.007095,0.000000,-0.949312,-0.007156,-0.314254,0.000000,15.260523,0.000038,0.000009,1.000000
Transform2:-0.489566,0.004688,0.871954,0.000000,-0.004767,0.999956,-0.008053,0.000000,-0.871953,-0.008099,-0.489522,0.000000,15.260523,0.000038,0.000009,1.000000
Transform3:-0.581021,0.004376,0.813877,0.000000,-0.004449,0.999953,-0.008553,0.000000,-0.813876,-0.008591,-0.580975,0.000000,15.260523,0.000038,0.000009,1.000000
Transform4:-0.582365,0.004371,0.812916,0.000000,-0.004444,0.999953,-0.008560,0.000000,-0.812916,-0.008598,-0.582318,0.000000,15.260523,0.000038,0.000009,1.000000
Transform5:-0.522177,0.004586,0.852825,0.000000,-0.004662,0.999955,-0.008231,0.000000,-0.852825,-0.008274,-0.522132,0.000000,15.260523,0.000038,0.000009,1.000000
Transform6:-0.399989,0.004928,0.916507,0.000000,-0.005010,0.999959,-0.007563,0.000000,-0.916506,-0.007617,-0.399948,0.000000,15.260523,0.000038,0.000009,1.000000
Transform7:-0.166665,0.005302,0.985999,0.000000,-0.005388,0.999966,-0.006288,0.000000,-0.985999,-0.006361,-0.166631,0.000000,15.260523,0.000038,0.000009,1.000000
Transform8:0.148174,0.005318,0.988947,0.000000,-0.005409,0.999975,-0.004567,0.000000,-0.988946,-0.004672,0.148199,0.000000,15.260523,0.000038,0.000009,1.000000
Transform9:0.434813,0.004842,0.900508,0.000000,-0.004923,0.999983,-0.002999,0.000000,-0.900507,-0.003129,0.434830,0.000000,15.260523,0.000038,0.000009,1.000000
Transform10:0.511845,0.004619,0.859065,0.000000,-0.004697,0.999986,-0.002579,0.000000,-0.859065,-0.002715,0.511860,0.000000,15.260523,0.000038,0.000009,1.000000
Transform11:0.406504,0.004912,0.913636,0.000000,-0.004995,0.999982,-0.003154,0.000000,-0.913636,-0.003281,0.406521,0.000000,15.260523,0.000038,0.000009,1.000000
Transform12:0.249960,0.005206,0.968242,0.000000,-0.005294,0.999978,-0.004010,0.000000,-0.968242,-0.004123,0.249982,0.000000,15.260523,0.000038,0.000009,1.000000
Transform13:0.079356,0.005360,0.996832,0.000000,-0.005451,0.999973,-0.004943,0.000000,-0.996831,-0.005041,0.079383,0.000000,15.260523,0.000038,0.000009,1.000000
Transform14:-0.015863,0.005376,0.999860,0.000000,-0.005476,0.999970,-0.005464,0.000000,-0.999859,-0.005561,-0.015833,0.000000,15.260523,0.000038,0.000009,1.000000
Transform15:-0.033519,0.005373,0.999424,0.000000,-0.005462,0.999969,-0.005560,0.000000,-0.999423,-0.005645,-0.033489,0.000000,15.260523,0.000038,0.000009,1.000000
Transform16:-0.029470,0.005375,0.999551,0.000000,-0.005459,0.999970,-0.005538,0.000000,-0.999551,-0.005620,-0.029440,0.000000,15.260523,0.000038,0.000009,1.000000
Transform17:0.008333,0.005376,0.999951,0.000000,-0.005463,0.999971,-0.005331,0.000000,-0.999950,-0.005419,0.008362,0.000000,15.260523,0.000038,0.000009,1.000000
Transform18:0.086249,0.005357,0.996259,0.000000,-0.005447,0.999973,-0.004905,0.000000,-0.996259,-0.005004,0.086276,0.000000,15.260523,0.000038,0.000009,1.000000
Transform19:0.146785,0.005318,0.989154,0.000000,-0.005408,0.999975,-0.004574,0.000000,-0.989154,-0.004678,0.146810,0.000000,15.260523,0.000038,0.000009,1.000000
Transform20:0.104584,0.005347,0.994502,0.000000,-0.005439,0.999974,-0.004805,0.000000,-0.994501,-0.004907,0.104610,0.000000,15.260523,0.000038,0.000009,1.000000
Transform21:-0.026145,0.005375,0.999644,0.000000,-0.005461,0.999970,-0.005519,0.000000,-0.999643,-0.005604,-0.026115,0.000000,15.260523,0.000038,0.000009,1.000000
}
{
Stack
Name:jt_Hand_R
SampleCount:22
Transform0:0.999090,-0.023559,-0.035549,0.000000,0.002479,0.864246,-0.503064,0.000000,0.042575,0.502518,0.863518,0.000000,15.547712,-0.000015,0.000010,1.000000
Transform1:0.886607,-0.458437,0.061346,0.000000,0.404709,0.704720,-0.582736,0.000000,0.223916,0.541485,0.810343,0.000000,15.547712,-0.000015,0.000010,1.000000
Transform2:0.958388,-0.285230,0.011674,0.000000,0.254816,0.836328,-0.485412,0.000000,0.128691,0.468188,0.874208,0.000000,15.547712,-0.000015,0.000010,1.000000
Transform3:0.998291,-0.055993,-0.016726,0.000000,0.044462,0.913515,-0.404368,0.000000,0.037921,0.402933,0.914444,0.000000,15.547712,-0.000015,0.000010,1.000000
Transform4:0.994455,-0.069282,-0.079117,0.000000,0.027858,0.898990,-0.437083,0.000000,0.101407,0.432455,0.895935,0.000000,15.547712,-0.000015,0.000010,1.000000
Transform5:0.982546,-0.103753,-0.154401,0.000000,0.017785,0.878603,-0.477221,0.000000,0.185170,0.466146,0.865113,0.000000,15.547712,-0.000015,0.000010,1.000000
Transform6:0.980131,-0.126131,-0.153084,0.000000,0.026352,0.847737,-0.529762,0.000000,0.196595,0.515201,0.834217,0.000000,15.547712,-0.000015,0.000010,1.000000
Transform7:0.977612,-0.158482,-0.138414,0.000000,0.052664,0.821161,-0.568262,0.000000,0.203719,0.548250,0.811123,0.000000,15.547712,-0.000015,0.000010,1.000000
Transform8:0.978672,-0.155501,-0.134239,0.000000,0.065754,0.856206,-0.512434,0.000000,0.194620,0.492678,0.848169,0.000000,15.547712,-0.000015,0.000010,1.000000
Transform9:0.990615,-0.034562,-0.132240,0.000000,-0.026725,0.899848,-0.435384,0.000000,0.134044,0.434833,0.890479,0.000000,15.547712,-0.000015,0.000010,1.000000
Transform10:0.977744,0.097202,-0.185926,0.000000,-0.162718,0.910744,-0.379563,0.000000,0.132437,0.401369,0.906291,0.000000,15.547712,-0.000015,0.000010,1.000000
Transform11:0.971563,0.144076,-0.187902,0.000000,-0.194353,0.938529,-0.285290,0.000000,0.135248,0.313697,0.939842,0.000000,15.547712,-0.000015,0.000010,1.000000
Transform12:0.963431,0.161896,-0.213519,0.000000,-0.193960,0.971135,-0.138838,0.000000,0.184878,0.175175,0.967023,0.000000,15.547712,-0.000015,0.000010,1.000000
Transform13:0.953193,0.169174,-0.250606,0.000000,-0.178359,0.983863,-0.014229,0.000000,0.244155,0.058261,0.967985,0.000000,15.547712,-0.000015,0.000010,1.000000
Transform14:0.951728,0.155477,-0.264652,0.000000,-0.151033,0.987829,0.037188,0.000000,0.267213,0.004578,0.963627,0.000000,15.547712,-0.000015,0.000010,1.000000
Transform15:0.950271,0.134216,-0.281017,0.000000,-0.131665,0.990898,0.028030,0.000000,0.282221,0.010364,0.959294,0.000000,15.547712,-0.000015,0.000010,1.000000
Transform16:0.949059,0.101443,-0.298322,0.000000,-0.124526,0.990439,-0.059363,0.000000,0.289448,0.093488,0.952618,0.000000,15.547712,-0.000015,0.000010,1.000000
Transform17:0.950226,0.056296,-0.306433,0.000000,-0.116816,0.976167,-0.182901,0.000000,0.288833,0.209594,0.934155,0.000000,15.547712,-0.000015,0.000010,1.000000
Transform18:0.956566,-0.005065,-0.291472,0.000000,-0.092984,0.942322,-0.321532,0.000000,0.276289,0.334669,0.900922,0.000000,15.547712,-0.000015,0.000010,1.000000
Transform19:0.972642,-0.067323,-0.222338,0.000000,-0.036455,0.900996,-0.432294,0.000000,0.229429,0.428573,0.873892,0.000000,15.547712,-0.000015,0.000010,1.000000
Transform20:0.961436,-0.083087,-0.262178,0.000000,-0.028372,0.918227,-0.395037,0.000000,0.273561,0.387241,0.880459,0.000000,15.547712,-0.000015,0.000010,1.000000
Transform21:0.968275,-0.047311,-0.245369,0.000000,-0.055539,0.916611,-0.395905,0.000000,0.243638,0.396972,0.884903,0.000000,15.547712,-0.000015,0.000010,1.000000
}
{
Stack
Name:jt_Index1_R
SampleCount:22
Transform0:0.628360,0.769932,0.111215,0.000000,-0.753143,0.637891,-0.160845,0.000000,-0.194783,0.017308,0.980694,0.000000,6.722763,-0.462349,3.102847,1.000000
Transform1:0.600737,0.790994,0.115948,0.000000,-0.772931,0.611715,-0.168473,0.000000,-0.204188,0.011588,0.978863,0.000000,6.722763,-0.462349,3.102847,1.000000
Transform2:0.613071,0.782139,0.111370,0.000000,-0.763179,0.622760,-0.172420,0.000000,-0.204213,0.020710,0.978708,0.000000,6.722763,-0.462349,3.102847,1.000000
Transform3:0.637574,0.762761,0.108144,0.000000,-0.742371,0.645816,-0.178347,0.000000,-0.205877,0.033427,0.978007,0.000000,6.722763,-0.462349,3.102847,1.000000
